
  RooFitResult: minimized FCN value: -41767.1, estimated distance to minimum: 0.00220481
                covariance matrix quality: Full, accurate covariance matrix
                Status : MINIMIZE=1 HESSE=1 

    Constant Parameter    Value     
  --------------------  ------------
                  mean    7.8000e-01
                mmeang    0.0000e+00
                 width    8.5000e-03

    Floating Parameter  InitialValue    FinalValue +/-  Error     GblCorr.
  --------------------  ------------  --------------------------  --------
                alphaL    1.0000e-01    1.4437e-02 +/-  2.36e-02  <none>
                alphaR    1.0000e-01    1.2491e-02 +/-  1.56e-02  <none>
               msigmag    7.0000e-03    7.1118e-03 +/-  1.23e-04  <none>
                    nL    1.0000e+00    9.9988e-01 +/-  2.42e-05  <none>
                    nR    1.0000e+00    1.0694e+00 +/-  4.37e-01  <none>
                sigmaL    2.0000e-02    4.7378e-02 +/-  2.24e-02  <none>
                sigmaR    2.0000e-02    2.1996e-02 +/-  3.24e-02  <none>
              sigmacbL    3.0000e-02    4.1277e-03 +/-  6.39e-03  <none>
              sigmacbR    1.0000e-02    1.1982e-03 +/-  2.53e-03  <none>
                    x0    0.0000e+00    9.6920e-03 +/-  1.53e-02  <none>
                  x0CB    0.0000e+00    2.9961e-03 +/-  7.15e-05  <none>

(status=1,FCNmin=-41767.1,EDM=0.00220481,covQual=3)

Status :  1
Error matrix quality :  3
FCN :  -41767.129353217155
EDM : 0.0022048126555660936
List of fixed parameters :
RooRealVar::mean = 0.78 C  L(-INF - +INF) 

RooRealVar::mmeang = 0 C  L(-INF - +INF) 

RooRealVar::width = 0.0085 C  L(-INF - +INF) 

List of floating parameters (Minos error, if ON)):
RooRealVar::alphaL = 0.0144375 +/- 0.0236181  L(0.005 - 10) 

RooRealVar::alphaR = 0.0124908 +/- 0.0155943  L(0.005 - 10) 

RooRealVar::msigmag = 0.00711184 +/- 0.000122916  L(0.001 - 0.01) 

RooRealVar::nL = 0.999881 +/- 2.42059e-05  L(0.1 - 20) 

RooRealVar::nR = 1.06939 +/- 0.436877  L(0.1 - 20) 

RooRealVar::sigmaL = 0.0473777 +/- 0.0224443  L(0.01 - 0.05) 

RooRealVar::sigmaR = 0.0219962 +/- 0.032401  L(0.01 - 0.05) 

RooRealVar::sigmacbL = 0.00412767 +/- 0.00638838  L(0.001 - 0.05) 

RooRealVar::sigmacbR = 0.00119823 +/- 0.00252827  L(0.001 - 0.05) 

RooRealVar::x0 = 0.00969198 +/- 0.0152902  L(-0.01 - 0.01) 

RooRealVar::x0CB = 0.00299606 +/- 7.14886e-05  L(-0.01 - 0.01) 

Covariance Matrix : 
[0.0005589182826880709, 6.302611523873321e-06, 4.224292608084401e-11, 1.1391290074186248e-08, -0.0003939477515537358, 8.804088281280428e-08, 2.077887050365908e-07, 0.0001588811429492347, 3.2273947235820963e-07, -3.9606028755341656e-12, -5.3069842964424574e-09]
[6.302611523873321e-06, 0.00024344519987696118, 3.309558501755036e-11, 9.060238195529487e-09, -0.002512621036903821, -3.525113329921737e-08, 1.150123928536914e-06, 4.775449522200254e-07, 2.2109084462807663e-05, -8.791050423011194e-11, -6.568771812751227e-08]
[4.224292608084401e-11, 3.309558501755036e-11, 1.511273251764423e-08, 2.2004286017266415e-12, -2.3174862142421394e-10, 5.805308066904059e-14, -4.677893247810903e-13, 1.1927373292158835e-11, 3.0615433504238713e-12, 6.396548302526949e-16, 2.1707644121896185e-15]
[1.1391290074186248e-08, 9.060238195529487e-09, 2.2004286017266415e-12, 5.859239915884425e-10, -6.426301666113185e-08, 1.5422594549834312e-11, -1.2341938481953194e-10, 3.2156202768903478e-09, 8.377333485073558e-10, 4.788936545553018e-15, 5.102587152855159e-13]
[-0.0003939477515537358, -0.002512621036903821, -2.3174862142421394e-10, -6.426301666113185e-08, 0.19152682535945623, 3.612389295192569e-06, -8.1942691780632e-05, -2.7289442682754632e-05, -0.00015158854665095307, 6.656491475350749e-09, 5.33846391745716e-07]
[8.804088281280428e-08, -3.525113329921737e-08, 5.805308066904059e-14, 1.5422594549834312e-11, 3.612389295192569e-06, 0.00019603532002164084, -5.476667513680635e-07, 8.008862890446795e-09, -2.9769408408139133e-09, -5.935483540317834e-11, 3.998988866356189e-11]
[2.077887050365908e-07, 1.150123928536914e-06, -4.677893247810903e-13, -1.2341938481953194e-10, -8.1942691780632e-05, -5.476667513680635e-07, 0.000666782962177428, 1.7741448914746015e-08, 6.547687867987117e-08, -1.2147153563793628e-10, -4.6491521832112496e-10]
[0.0001588811429492347, 4.775449522200254e-07, 1.1927373292158835e-11, 3.2156202768903478e-09, -2.7289442682754632e-05, 8.008862890446795e-09, 1.7741448914746015e-08, 4.540319440311611e-05, 2.6365111365347393e-08, -1.7991728457163942e-13, -8.469214972540216e-10]
[3.2273947235820963e-07, 2.2109084462807663e-05, 3.0615433504238713e-12, 8.377333485073558e-10, -0.00015158854665095307, -2.9769408408139133e-09, 6.547687867987117e-08, 2.6365111365347393e-08, 2.0487471870339005e-06, -4.998846887636989e-12, -6.078390653095468e-09]
[-3.9606028755341656e-12, -8.791050423011194e-11, 6.396548302526949e-16, 4.788936545553018e-15, 6.656491475350749e-09, -5.935483540317834e-11, -1.2147153563793628e-10, -1.7991728457163942e-13, -4.998846887636989e-12, 1.2074181339814685e-05, 4.31631010902496e-14]
[-5.3069842964424574e-09, -6.568771812751227e-08, 2.1707644121896185e-15, 5.102587152855159e-13, 5.33846391745716e-07, 3.998988866356189e-11, -4.6491521832112496e-10, -8.469214972540216e-10, -6.078390653095468e-09, 4.31631010902496e-14, 5.110721390953506e-09]
Correlation Matrix : 
[1.0, 0.017086211318430227, 1.4534775808028386e-05, 0.019905730158970972, -0.038075854892708504, 0.00026597637806602615, 0.00034037333622142325, 0.9973669957487724, 0.009537482223671845, -4.821234918906673e-08, -0.0031400209194828504]
[0.017086211318430227, 1.0, 1.7254324303843733e-05, 0.02398934371625268, -0.3679692932399149, -0.00016136350286330414, 0.00285464287396506, 0.004542243857291904, 0.9899789625978795, -1.6214789538938064e-06, -0.058890123424695504]
[1.4534775808028386e-05, 1.7254324303843733e-05, 1.0, 0.000739460777137247, -4.307555248996738e-06, 3.372769099038594e-08, -1.4736235786119896e-07, 1.4398926309107428e-05, 1.739901771312835e-05, 1.4974258938309145e-09, 2.4700178518179163e-07]
[0.019905730158970972, 0.02398934371625268, 0.000739460777137247, 1.0, -0.006066324848647266, 4.5506102194306214e-05, -0.0001974560703442353, 0.019715187568733705, 0.024179147156674078, 5.693634637578729e-08, 0.0002948687084419653]
[-0.038075854892708504, -0.3679692932399149, -4.307555248996738e-06, -0.006066324848647266, 1.0, 0.0005895390517973743, -0.007251087972126261, -0.009254152600097274, -0.24199556063663025, 4.377253796169757e-06, 0.017063196947302944]
[0.00026597637806602615, -0.00016136350286330414, 3.372769099038594e-08, 4.5506102194306214e-05, 0.0005895390517973743, 1.0, -0.0015148058227889537, 8.489077356038313e-05, -0.00014854527978063782, -1.2200007422773585e-06, 3.995231313632626e-05]
[0.00034037333622142325, 0.00285464287396506, -1.4736235786119896e-07, -0.0001974560703442353, -0.007251087972126261, -0.0015148058227889537, 1.0, 0.00010196558925718146, 0.001771542338032312, -1.3537966270734939e-06, -0.0002518491052500723]
[0.9973669957487724, 0.004542243857291904, 1.4398926309107428e-05, 0.019715187568733705, -0.009254152600097274, 8.489077356038313e-05, 0.00010196558925718146, 1.0, 0.0027336456629066226, -7.684238504497926e-09, -0.0017581618367131725]
[0.009537482223671845, 0.9899789625978795, 1.739901771312835e-05, 0.024179147156674078, -0.24199556063663025, -0.00014854527978063782, 0.001771542338032312, 0.0027336456629066226, 1.0, -1.005071139609366e-06, -0.059402308120562304]
[-4.821234918906673e-08, -1.6214789538938064e-06, 1.4974258938309145e-09, 5.693634637578729e-08, 4.377253796169757e-06, -1.2200007422773585e-06, -1.3537966270734939e-06, -7.684238504497926e-09, -1.005071139609366e-06, 1.0, 1.737571518549001e-07]
[-0.0031400209194828504, -0.058890123424695504, 2.4700178518179163e-07, 0.0002948687084419653, 0.017063196947302944, 3.995231313632626e-05, -0.0002518491052500723, -0.0017581618367131725, -0.059402308120562304, 1.737571518549001e-07, 1.0]
Hesse errors : 
('alphaL', 0.02361809045992417)
('alphaR', 0.015594270025689005)
('msigmag', 0.00012291631334887098)
('nL', 2.4205866883064697e-05)
('nR', 0.436876923916137)
('sigmaL', 0.022444331916665738)
('sigmaR', 0.032401005726543614)
('sigmacbL', 0.006388379564736811)
('sigmacbR', 0.0025282652870292823)
('x0', 0.015290158723699196)
('x0CB', 7.148864064153567e-05)
